50000





















21613 












3968 









































































































26811 






8779 



























































8167 






















45708 





24697 
49380 
























































































33750 





























18212 









































45998 









































14298 










































37092 










































42554 







39894 
28439 

















34091 







































3801 

















10373 
44034 































































































































1797 





21270 

























43776 27658 



















12211 33777 














31024 











































































44728 

































9351 























































































































12272 




















9980 









49399 









































5048 

























32537 

10910 





















18407 
























































































































































9415 






















































40941 






























































































17130 









































































































































































36842 

















































1747 















17884 






3813 








































29346 

















































5027 









8214 










































































































13280 











16232 


















































48176 


35049 































































































11115 
































26907 
































































48069 


















11227 














22752 















































3158 




































12871 













































48411 


















































































































553 








11086 3081 












25298 













































37398 





































































8060 









39743 











































33446 









































































































































































15953 














17621 








31879 















44725 



















9628 











1926 


































40863 


































140 


34000 















































































45298 
25190 






































1068 





























4647 














































35863 











31908 










































































































































31093 




























23942 




























29638 






































































































































17683 












































6415 
























































































































































































































































20898 


38276 

10508 











40591 










10272 




















































8912 
















































19581 










16021 










16148 



















21529 














































































































40742 

















4246 














































































22700 







14669 





























































1463 















































































8607 










46810 




























13847 


































48717 




23662 
























5149 




















































39039 
































































20373 

































































































26637 












18090 















33986 




























30045 





















5078 

















































































28768 






















36278 




















6038 






32319 


















































38113 


























































26108 
























































807 


















22305 

37376 















24231 













4860 






































































11289 





















































































































23579 





34628 
























































23317 
























































































7341 




18434 




1160 
























41702 

















































































1313 




































30114 




























































































































28406 




































14153 



















































2888 














































































































































































































































34290 











44137 


























































27194 







































































47488 
































4660 































39634 























































26121 































11284 































28093 




























































39399 









2174 


































































































31145 







































7425 















13394 





























14659 
















6234 





















































45941 















































































4484 



































































27435 



27240 






28748 



















29459 













30570 




































































40132 





































15003 


















































































36269 








































































49220 
































































49501 






































31258 



































































































8582 


6290 


49335 46995 













































































20334 








































22101 






















21156 


















22959 































































































































































17929 























































24650 



















































































42173 




































24870 

































































9677 




























22549 












































8713 


















38719 























































1136 


























34426 

























2339 



42728 















































16998 

7347 










29296 



































7202 





































































































































































19268 




































33152 






















































34621 




















































































26839 
























45897 






26943 

















10085 









































































































7137 































































35401 

11286 






















































43080 


















22701 


























































29240 







































11672 


























9370 48668 

























































26132 
















27380 



















17602 


































































37158 













37857 



































































































































































































29542 


















42335 












































36914 























































































40804 




43591 























































































































14395 















15122 
































4326 













43944 





































































































33805 


41985 





























11848 

























































































































































16597 



25492 




























































































40548 







30363 








14537 
































1633 



















































































24820 
1037 



























































26760 












1368 































































19210 














6610 








24888 




















12090 





















41779 














































21488 
1977 











































40583 



















































































































































































































































































20469 



45343 











29667 





























21393 


18568 34024 






































































21513 





15698 























39484 












































































































14014 









































26290 
45155 




























37541 






















38063 











12663 












































































14471 
























































47898 

30228 


23925 




















































48263 












































































































































15587 




























7808 









12785 







35079 


















































































































26635 
31978 

























40116 







































































25350 


















































































7241 




















18327 

















16639 





























































3111 




























































































































9508 



































22513 
17382 





































5454 
































46750 
















2646 














26031 
45620 
















46150 







18693 




















































15409 














24681 















































































































































































32071 

















































2208 




32035 





























39216 





























































18012 























33350 




























30911 























































40278 










































39577 






















42368 


13038 






















39501 






30035 




















































3799 










46393 




















































22932 
29455 





























































































45888 







11530 
38209 



























3502 


















35878 



































































































35320 













































33408 















































31272 




























17268 














































































5429 





5064 
48228 
















36220 
















42983 





























































17040 

















































































11645 








36975 























































































































19611 

13067 













































29404 





































11522 


















































8472 







21315 

































13429 
















147 



9503 







































































































23446 







11646 



47118 












6829 


















13491 




5698 






































































30867 


























47289 


































































































48379 













































32424 


























14050 





































































37696 














































30165 




























7508 

































































1683 


























29207 















































































39035 














33987 









27050 




































48453 
















47644 




























































































































































































42559 








18841 

















































































46900 





































































6564 
















































44248 






12518 


















32118 
































































4676 



















17323 


















24989 












































































17532 































12811 















































18875 
























































































































































14706 
























5735 










398 

























































8087 
















49032 
























16470 











6524 







































37686 





































23154 






































































































13839 


























792 


































5419 



































































30570 









































24335 




















































































1058 







































































15710 











17743 


































































































































29463 







































































































10212 


4727 







































37385 


























































47501 



























7911 









































11138 






























33972 










15562 




































































31488 
























































































































































12818 




































































44622 

























15148 








































24333 
5536 















































































25286 









32640 






















5424 



12610 
















































































30525 





























15233 






















































30083 


























































2193 



16903 












27389 




































































































































33242 





































































26795 


















37283 



11150 


46194 






















































26018 



























































26382 












































































































































47007 












































36826 








































































48920 









38672 




























40986 
















































13030 







35238 












































































38288 




































47584 
































37087 

















































































20496 




























26935 







6354 



25143 






































31079 


























36965 




































































31559 
































































11342 























































































































19272 




6627 


593 






































































27002 
29171 








































































35845 
6681 































12548 
37916 


















































































































































































21693 
















18768 27538 










































































































































37624 






























46114 



















25035 






34977 



917 

















10077 


12935 






















































































3338 






















































































31542 

















































































































612 





























23766 
































































26328 




































40013 





































































































































































































































































30904 























































31028 







18503 
























































































































24250 













































































































































































15598 






































28456 









11827 





































19713 















































16063 


























26131 






















883 

















































14921 









































































































11512 



























12788 































































21265 










26386 




















20887 


































8853 
















































34920 



42811 










30212 



































































































































26093 




































9644 
























































































13881 






























26355 













































































7064 




526 





30063 






































48620 







































































17238 





5787 










































49070 


3170 
















































27972 
























21889 













20799 

24990 










35213 








































































740 


















37029 




























































2958 










































































































35595 






































23270 

















































19261 








































































3824 

























































































40422 









14442 
21540 





















35493 















40446 






















































































746 




























49902 























































































38009 
































27910 


















11866 























































7466 

26585 


















































































28336 














31011 






























33297 




3877 
































































































































17120 





















30204 
26743 
































43305 

















2454 






















































































































































8380 




























4970 


























24268 




































31052 

















































































43397 











































































48889 


















































42383 






















8557 




































38460 




13086 














































44104 




























32175 








15252 






































23841 



















































16569 


















































































































13898 

















10904 


















































































11928 




41264 42506 


































































































42012 




























47250 













































6860 



















































































44048 
















33308 




















































































































29760 















27056 



























































































































































46734 


















534 

















24462 





























































32079 


230 

38496 

























































































30650 




































44612 



























































































































































































36158 






























2856 















12634 










4079 























































































15673 























17153 




























28293 




















15329 

















535 





21800 










31397 







































































6840 











39459 
19290 












































8979 





18245 
























































































32959 












22338 














































12513 































































































25664 











32044 



















































45136 









































































23205 



































































29127 










































21962 
































































































































20675 












































22415 

















35837 





































































































































































































14644 




























































































9155 












31932 























36090 





































33053 














13395 





45275 






12161 









49053 
36219 































































































29445 





























































2602 





































36576 


























33187 


























356 



10934 21276 





































19676 









































21439 






















































































































6425 

















































2476 

14723 

































































47371 







































17399 
















22498 


































26466 















8589 



























36969 



































































46173 



























4549 







16467 


























































19293 















































41821 





49796 

























































32075 















































































10463 






























33839 














26386 





41525 





































































































































3042 








20039 























36903 





















326 






































































































23228 






















10394 


































47922 







































7347 





















15073 































































24708 








































22734 
























45672 























37422 



















































44627 








18368 




































4911 





























































8834 
























































































































23667 







































































































































































































2923 










































18356 














































37677 






















35302 
































440 
















6026 






























































24894 


























29558 




























































20834 




























































27873 












21387 


































































15213 



















26703 






















































772 




























































































































































































































44686 


















































































27225 











































41124 



































24796 
































10833 























































31199 





































6874 











43083 

























































15750 








































12936 









13582 



43010 



37474 




47668 









































































34557 















37070 

















































27788 






















31315 






36033 




























21839 

















































































31231 










15891 
















































































































































































14325 















































44606 

















































36774 









4809 

















21067 














39126 




43648 






























12053 


















































11744 






































30078 







46431 















27246 
































































































10211 






























28519 






46292 














































































































































42397 


















29044 












































6833 39041 


































13039 












































47619 








































































































































































39625 
















37079 






























48827 




































35130 






24075 



































































































22085 












33056 



42984 























21030 


























1980 













44082 









44108 









































17628 





















































38518 































28668 


























25041 













16670 










































3796 

















































































22188 


























































































17157 










4401 







































13573 


40731 
















26055 



40216 




































39047 





































































28546 























































































































































































46750 
























15361 




























14031 























236 













































46722 
























































47056 








8165 


























31670 



46012 



30356 






































16363 
























































44461 



























































































12719 



















































21527 








































































































12762 
















































































































10364 









19054 




























































































19241 














































































































































































12194 



















34270 



























































































































27413 



































































48486 

























10285 


10830 



























































































45225 



20421 


































15656 






















































15918 






















































35909 










6981 









































18175 

























































39913 

















33027 



















7845 





8004 






















33426 


















































































































































































































































































37242 


























49503 27561 



























10788 

































24905 




















41878 












36848 

































24425 
































































5573 













33907 
19071 












28681 























33148 


































































22544 























1706 




49290 






























































































































1138 






















14564 



















16220 


23394 





























































































































12882 






1914 


































































































































46414 
































10349 






























34590 






18874 




























































































































































































































































29985 






































25727 
























































2961 10784 







































































43336 





























43770 


















































6580 


















































































13388 
























8952 































































38305 

















35362 









































9141 






































24330 



















































































12178 







48414 





































































































1807 

























































































































792 





































































7985 

















































45864 







40619 

















42466 














25535 






























49988 

































2522 
















































































39514 








3948 
























































23265 



































































22357 




























































43502 
29468 
















































40244 








36024 



















































































































41124 
















20767 



























































































18688 








































































48139 





































































































































































































9984 



















































20883 















9691 





40600 






















































31539 










8417 









7940 








































207 



35943 





44015 





















































34115 








































49499 








16972 







21187 




2109 

































































10464 



















































































6322 








































23795 




19071 























































































24059 








3937 












12128 





25130 

















14912 



















































30506 


































































9826 





































































10127 












48792 




















































4337 








42918 









15129 

31499 






























































































































































48099 


























































3926 




























































































10094 





















































36411 

















































611 































































































11483 


































































23667 











27114 
















14126 


























































































































































25709 



































15788 





















34419 










40467 


































































































18364 











































483 














































237 



























































































































































































































































































































44551 



44022 

4184 





18767 














































































45013 28383 













44287 











































































49617 






















































































































































































20569 



























































20160 
























27763 






3547 









39126 










13186 

2876 



















8178 










































37288 















































48166 








10833 












































































































37698 






















































































































































27636 



35717 














42180 



























































19380 







































39491 














































33873 























































4176 















13412 

















20031 































































22413 

40060 


















23355 








25424 

































42614 















































































































































49420 























5330 




















13702 

















2293 






























































9037 


































12219 







46197 








45568 


















1110 















































































































7344 










40235 





























































31854 


























































42127 













































































27722 

























10416 


















27864 




















































6097 





























47458 






















































34247 4431 









































































































13309 

































20778 


























































































































23561 









































































































































30836 
















































































































































































49850 






36394 





































































12287 









































13788 






































772 

















19467 










































































































18041 


























24849 


















































































































33452 













































47398 






39973 


























































































































































1699 






















4832 









39140 














20519 













28607 




































































12193 







































10800 









































18098 





22996 




41230 






















































9796 








































19975 








































































2463 


















































































45374 










































































































6943 
































































18002 
2076 

























20383 
















35787 




















































47491 


9793 






































































































































































36503 






















































20703 






























11043 




























































49464 




































4097 



































































22062 
























































































22217 
























































34293 

























































































































45331 





5046 







































































































































































30819 






































































32547 






13232 











38529 













17039 

































42358 





















24977 



8777 




























45105 


















































































40214 



























37611 






































7489 













































































































































42548 































31600 

























































































23346 






















































48472 





48537 









33860 




29631 


























































31563 






































3041 


46284 




























































































































































































































































































26228 



























































































22063 






























8979 


















2816 





































































44429 

















































2463 






















26114 
































43250 











5267 






























49919 

































































































































































































45756 



















































9074 



















































43027 



































29334 















































16750 











































































































6202 























4705 








47968 











































43434 
























































29937 













22052 





































































































41387 



































36924 






















44220 




















14018 


39534 






















































































21632 







11085 




































































































4366 




















3309 
















22678 


































































































































































































































































































30325 











41069 















40485 47695 



























































40967 

























































































48952 






























































































34881 











2256 



41039 












































13704 





























































5273 



































































































































38628 






































33475 

















































































14006 


























49250 



























































2592 





























17386 


29749 









2840 


















































































32267 


































39512 
























14055 























7724 


























47011 










































































































































































































12089 





































































25925 




































































































13750 





























37404 







































13902 


























28823 









4853 



















































32815 


































42655 



















































































































16510 































41709 


18696 

























23078 












39898 


















41860 













8113 


















































27812 


















































































34120 






















6169 
























21436 
















































35485 










































































2831 


































27596 





























































34 






























3367 































34977 













30605 

































































9054 




















48440 
















4406 





















































































































































33777 





























48966 














6761 
























40150 












































29608 












































48643 


















18842 




















16681 











































8117 


































17625 

49265 

26424 

















































































































22903 


















































































































































































32835 





















































31103 



















































7668 
















12463 




































































14252 











21 47922
0
