10000



9301 9445 

9804 
1858 


9513 
687 
8666 





7211 9272 

7129 


5669 
3501 8053 
554 9840 

3065 4091 4749 



4055 
4719 
6773 8605 
3097 

4831 8705 
9878 
8234 
199 8143 

1828 7506 
880 2179 
6320 
4496 4526 
8402 

396 7122 
6606 
6366 
612 3800 5885 6093 
5767 9289 
8442 

7799 8183 
5543 7730 
3843 5587 8893 
148 
1737 4331 
9591 

1405 
7880 
1892 3981 
7586 
808 
8306 
3047 
53 8386 
2476 5649 
4760 5878 8401 8407 9383 

3199 
726 
8018 
47 2670 
9633 




5432 
1022 
2590 6978 9875 
538 8612 
2919 4463 
4394 5167 


7699 
2871 7130 7673 
4910 

2231 
5518 
1326 1898 6955 7064 
219 
4273 
4515 8035 


3148 4160 
1724 3615 
1172 
1168 4197 


9094 


6269 9233 


7828 

3034 6275 
8407 
2743 

776 
178 6414 
3710 
4345 

1160 2520 6367 

9641 

647 9976 
6262 


1396 4821 
8900 
276 
9682 


3987 4856 
3444 5164 

9270 
4015 
759 
1583 
706 
6122 
6256 

5479 

3786 
9709 
9988 

4007 
9634 

4818 6859 
6329 
3189 4534 9232 
1763 6032 

8024 9217 
5450 7564 
9677 
2551 
6761 

4446 4488 
6432 9651 
1729 
8412 
7899 
1426 
1271 
6822 
9419 
1281 

1144 



2328 3650 
7875 
3389 
7018 


9637 
6185 
6749 

8964 
7176 
8181 


801 5762 9076 9263 
6154 
3326 6009 
497 5275 8547 


1840 


1265 2436 2593 5328 
6730 8776 


3020 
7114 9491 
813 9738 




1967 
1849 
9690 
762 1724 9304 
5298 


8043 

5676 
2549 2979 
1 4336 

1422 2331 


2928 
5732 
5308 
1058 3421 6869 9171 
1770 6385 
6425 

1165 1509 2184 5184 
6854 
7683 
6533 
6389 

7985 8319 
3832 
7403 
609 7107 
1021 4209 7145 
753 2944 3352 
2382 
4380 


1046 
5343 

5145 
8134 
9193 

3799 

280 2388 3321 9250 


28 2121 2985 9441 
806 1094 

9385 


8841 
6459 9392 
8599 
961 6463 

3984 

4801 6649 8908 
9676 
2912 8295 

4965 6870 
3668 7303 8863 

5008 9715 

6487 
4145 
1214 9837 
3022 3183 



7793 
1247 



157 
9651 9856 


2698 
7916 
8855 
4497 9564 


133 
2569 

3579 7154 
2525 

9596 


2557 3321 

9709 

4497 
1985 3569 4574 4772 6031 
1635 5178 

1686 2201 4371 8215 9130 



3902 
1528 
4014 

2437 4277 
4418 
2511 4143 
5184 
296 9691 

1625 9015 

9777 

7820 
1525 
4018 4500 


9075 
7056 
7970 

3685 4985 6029 7838 

583 
166 5182 



2242 5118 8288 8750 

1816 6347 

6161 
2643 

6264 9286 


6477 
852 7475 
2242 3577 9590 
71 
9896 
1995 
28 8921 
4267 

216 
3654 
3021 


5751 6169 

7242 

4992 5668 8963 9268 
5782 5931 

5699 
2795 5516 
6926 8806 9916 
6136 
1222 

9704 
4617 5353 9959 

5961 

3094 5154 



7307 
6139 
7876 


1900 4017 4370 



5259 7143 8870 

3097 4192 4853 
5917 9345 
4 7878 

2877 8468 
235 9092 
8151 
3461 
999 
7544 8558 
2767 
2560 6523 
7931 
6070 
7208 9293 

322 
6601 
8731 

9748 
5424 

4731 


2081 7793 
6076 7892 

6540 
4400 

6974 

810 1827 

93 1251 
3127 6831 
5519 
2417 9078 
7634 8786 9323 

7309 

7324 8582 

1152 
263 2109 6732 
8666 
3583 4843 

9581 

5930 

4133 

3399 

4088 
1449 




8430 8459 
4197 9295 
8587 
2686 8515 9808 
1674 9760 
6699 9774 


2053 9818 
2847 
5572 6327 9792 
1242 
2795 4354 

288 


3147 
2768 


5104 

4931 



2860 4193 


2595 5248 8511 
1955 3300 

6492 
8999 

1959 7595 
2457 3033 4824 6065 

2143 
1054 1752 
4530 

5200 

667 
35 1049 
9449 
1182 8755 

4070 5759 9649 
5963 




3776 

9804 
2589 
193 

383 4062 


9124 
4752 7712 

3939 6512 
1053 
2042 4947 


9531 
1471 
7936 
1652 
2497 
5951 

3562 
7432 
1787 
116 





562 
321 

5848 

3777 
203 9369 
1220 6062 



2022 
3509 6252 
8805 
7096 
6761 8260 
9306 9716 
111 
5369 5928 6700 9517 
296 9699 
2727 3620 
4470 

2939 

9056 


1003 

8353 


8342 
7255 9896 
8180 
4506 
4228 7645 


400 6015 
7321 
2571 6572 
6757 8544 



1981 3714 
5705 
8506 

4587 4914 
3993 5201 5438 8635 
5031 8116 

219 3640 
4482 
3080 3873 7262 
4895 

8260 9323 9983 

4982 
1203 

5606 
3405 
6453 
7249 8108 
621 
6317 
2983 3283 6867 
2056 3074 

3737 9940 



6686 

8942 
8352 
3981 7737 
6241 
2756 


3860 
84 6122 7027 
180 3719 6724 
7404 
6248 
2362 8210 8338 
3751 7920 

7623 

2228 3158 
5543 6994 
2097 7013 
1013 4567 9729 

2519 



225 
560 711 
8641 
2527 3003 3956 9673 

130 
3717 


5284 

2707 4089 7136 7463 
5200 6330 

2299 2656 4983 5773 6515 
1693 4622 
6930 

1320 4941 
9403 
4752 

816 

668 952 2127 
2568 9266 9694 

1789 6127 9179 

4100 

9854 

1529 



5754 8131 

4270 5439 5568 

3133 8318 9309 
1034 
8837 
390 3244 3465 
3935 8475 
3016 9796 
876 
6520 




4973 9837 
5214 
1664 9392 


5404 



7081 
3047 6260 
2452 

6274 

8301 
8314 
644 
4381 


6105 

5913 
2760 
8868 


5469 

953 1342 6698 
2260 
3247 
180 9232 9267 
4178 

879 
1788 6845 
1996 3874 
9621 
2440 3609 7482 

6037 
6745 
8198 
117 
4009 9011 

3368 4382 7043 
4506 9364 
8472 
3442 9831 
5616 
9562 


7269 

7144 

7508 
4127 
3454 4825 

9676 
7731 


5562 8572 
9049 
2029 7104 8484 

9644 


2869 

5814 
136 5106 
4761 
1945 
4379 

5455 

2769 6628 
5094 5931 

2020 
4226 
6399 




8094 

2002 8781 9616 
8751 
5749 
592 


7074 
6286 7107 

2145 6781 8829 
9428 
8630 
1188 3565 


760 7307 9385 



9189 

330 3550 8980 



460 4083 
1701 3853 4746 7324 9829 


3072 3256 4838 
7858 

5299 
5388 
7818 9707 
742 7036 8136 9252 
5740 7704 8019 

4491 5797 8134 
981 2878 

4238 7469 

9759 


3042 
5237 5262 

344 6587 
1548 
5958 
1980 2830 8901 

6492 
956 3647 8573 
1302 3318 
7449 9230 

2256 

1344 4861 

2096 8610 
5753 
1516 

630 2610 6585 7545 
3786 
8385 8491 
2273 7533 


8333 



9115 

9447 
4117 
6979 
2962 3421 

4738 

1848 
4504 8397 

4819 


2929 3922 
9284 

6555 
1770 

6685 9482 
6995 

3757 
9013 

2477 
7560 

6073 
589 3859 

8107 9219 
2405 6998 
8399 
434 4414 


2425 
6069 
1816 4615 
790 

5077 5482 

5210 8492 8594 
2661 3560 8610 
8809 9726 
5588 
249 7354 8471 

118 6125 
6755 
1727 

2983 7587 
1576 

2472 
3235 

7083 9603 





6379 
4490 
2067 


3282 4026 
9080 





5911 
467 3498 


8815 
3822 9203 

2200 


7575 


9617 
2597 2944 
6323 
700 3301 

3590 

1576 
1122 8042 

984 9454 

3295 9170 


4272 8838 
2599 2699 

5728 6904 
2171 9754 





2835 

7462 7729 
3767 
1152 7728 

7686 
607 3847 4218 

5654 8330 



1104 2837 3285 9239 
5603 
3378 
6477 
8657 
1513 1727 2991 

2464 9838 



3391 9160 
6440 
1427 3027 4618 


6268 
5807 
6408 
5300 
3535 


5261 

4903 
1186 
9192 



7558 
2071 9430 
7692 
1403 3413 4320 7916 

3310 

1152 

6816 
6721 9627 
1711 3040 7941 
6544 6976 
5219 
1296 8550 
5897 
91 

971 
1567 
6806 
7415 7953 
3081 
5116 7645 
9592 
9051 
9263 9892 

8465 9955 

1935 
620 
4935 9222 
1555 6783 7095 
2640 

4954 
6277 6982 





4034 4374 
8084 
3348 



306 


6597 
2017 
853 2104 
6647 6832 

2342 8921 
7253 


3877 6115 7087 
7275 7627 
829 


3597 

7351 
2721 4525 

1182 

5360 8499 
1458 5224 
7017 

5953 

6933 9079 
6519 8168 
4493 9014 9886 

7272 
1693 
1745 

5725 6289 

2045 2681 7226 
2492 


4858 9006 


4037 8715 


2556 
6384 6812 
248 
3592 5499 
9636 
604 
9847 
8604 
4150 5079 7596 
6821 9887 
2409 

6959 
1070 2850 4280 8172 
1197 

2692 4256 

3325 5443 
133 1981 





533 


1136 
1969 

1862 
2526 3181 8098 
3096 4381 
2032 

2946 6031 
8420 
5796 
8292 

4133 

1110 
3280 
5435 
7913 
2895 6669 

848 

9817 
519 4301 4655 


2022 4224 6654 
9289 
567 
5222 

7410 
1944 5998 

3907 4790 8511 9837 
929 6956 9570 
4385 6367 
1289 
4615 8479 9343 


6465 

6393 

1763 1854 8093 
4765 


5233 
545 

2682 
1406 
1759 3178 


197 7220 8123 
7602 
3530 6819 8722 9642 
9437 
181 2617 

5669 6797 
920 
3165 
7486 
599 1990 4304 

1973 6557 
3038 5019 



1858 
1633 
508 1165 

1826 3744 
6067 
3659 9194 
5205 
1467 
2414 
2857 7138 8432 9158 

877 
7272 

3124 

1134 
9444 
4399 

2524 9873 
4758 
4180 8261 9721 
1826 
3191 
2162 8482 

2704 7823 
7551 


3957 8727 

9107 
4115 6523 



4036 
3581 

5047 
4970 6542 
7770 

1773 
300 

7462 

6590 7422 9609 
8409 
527 3732 
4966 

266 6688 
3737 7037 

290 4168 

165 4363 4865 

2270 4854 


4728 




2754 

3898 7412 
3934 


2693 


928 
8173 
2079 
2475 8923 
3283 6287 
1225 2393 
8076 8605 

8788 
733 
2305 3116 3324 6552 



8487 


772 7915 

5379 
6528 
5976 
496 1590 3017 

4303 4563 


2603 4885 

4437 7278 
7815 
4864 



9634 

6143 6983 

4638 
5096 6741 8896 

2707 
6839 
817 




4343 5768 
4731 5905 
6545 9905 
4574 

5598 9907 


348 2393 6229 8488 
158 6023 8054 8943 
9135 


5925 8392 


664 6420 
141 904 4035 
3614 7720 
8657 9883 
2599 

6367 
4209 5856 
3242 
7921 




9285 
3039 
9642 
409 
5495 7983 



8891 
1097 

4389 5406 
2601 3690 
6880 
887 2872 

1357 7405 

4575 9124 9605 
2797 5040 
4547 6327 7882 
2864 
5393 
5023 
1501 3284 7123 
6337 

4530 4590 

1759 9723 

1212 
3040 

7493 
9732 


101 3687 5220 

6417 
2207 6788 7509 

3365 8196 9595 
3561 4942 

2017 


5186 
383 1614 5434 
5590 9924 
2552 9187 
3123 
2680 9632 
7510 
7455 


5777 
778 

6031 7699 
4792 
6396 

4404 
9421 
9761 
973 
9126 
3745 
8233 

6267 

6603 
2819 6668 
8534 
5298 
9603 
8771 
1920 5720 




7405 
3880 8127 
1746 
6020 7635 
264 2044 
9371 
3322 
5187 
7095 9450 
1381 

7814 
2859 7552 
934 
9315 



9514 


2378 2549 3364 5922 
3089 4387 
4337 
4622 
5149 9181 
4635 

4783 
4679 
5003 



3023 
5291 
5047 
3825 



8479 
8757 
1799 




3089 7747 


694 
8060 

9102 

7574 
864 
973 5068 6323 


7233 7873 
6686 8663 
2511 
4725 

1391 

6817 
5780 


1665 4725 
7720 

4059 8767 
7362 
5367 
3306 9235 
4118 


8321 9455 9519 




2699 6622 8422 
8931 
1199 1808 8071 
7982 
4376 


5240 7980 
2448 
6347 
4769 9565 
5576 
1058 


388 
3357 5932 
2142 


1790 
6221 
2590 2934 
9010 
6729 6800 
5975 
1790 
7245 
1785 5596 
561 5065 
2134 
1922 8893 
9278 
9285 9493 

8631 9390 
220 2930 4007 

9506 
2394 5007 
785 3196 8721 
2092 8425 
8789 
6098 
1953 
3083 5514 
775 
2109 
424 5714 8381 

7000 
386 
8466 
6506 
3021 
4129 6841 7970 

3506 





7767 8619 
8398 


7625 



8317 


1287 

7848 

6058 6141 

6 
1238 
6814 


2244 
2650 

741 4009 
31 366 1138 2470 7194 
9762 
6268 6368 
13 1385 

7226 
7792 

4512 7505 8330 
5567 
3899 4988 


7867 
9638 
5521 

9933 
6820 



198 
6127 8441 
8519 
6891 

1754 1783 5249 7337 




9396 
4122 
4693 
875 1049 

9060 
5065 7072 8053 
6636 
2365 
4746 8014 




611 
2195 4247 
701 
9061 
1099 1932 
5972 

613 5876 
4646 
5008 

4422 

3284 6335 9657 
1631 
3745 5217 
2672 

394 
220 
8786 
3239 
1489 

8335 
3843 4577 6212 

35 1562 9200 
887 
8978 

8023 

301 
1283 1541 


5044 6027 

1963 9701 
2393 
2803 
2395 
4514 
2752 
3894 
83 9793 
7220 8450 
5276 


6120 9117 
2736 
1680 
69 3299 9911 
6203 


197 5119 7410 

5770 
9609 

5507 6549 9874 


561 3930 


7963 8908 
3299 


8376 
1090 1305 2325 
4280 5591 
20 1338 4962 
407 5227 

4210 8316 
9600 9758 


4626 
5634 
1262 2482 
6940 
812 

6476 

1480 
4469 
2102 



237 
1095 7716 
9289 
6839 
5313 
389 6398 8948 
6219 7233 

7787 





2228 
8244 
5738 
3484 

8015 
4340 8548 9900 

8728 
1214 8443 
7152 








3169 6828 


9969 
7807 

2368 
2480 6307 



8652 
6042 7195 
7856 
7939 9106 9559 



5063 
3683 


1068 
869 
879 6600 9637 
8462 

2577 3583 7418 9109 
1623 3262 4230 
836 4247 


6818 7139 
2991 

885 5933 7894 
2287 
3519 


1831 
6601 
8283 

6605 9351 9446 

4877 6587 
5981 7921 
1150 9712 
4506 


3147 


5015 5761 

6560 
9184 
5348 
8869 
7203 
438 4467 6121 
9902 

8151 
6501 
2929 8534 
4880 9183 
1486 5892 
2656 6743 


647 
2200 5006 
2416 8407 8413 8897 

8051 

3170 6122 8259 


1415 2627 


3068 8853 
8158 
4303 
6610 
7839 
9237 





1256 2930 

6954 

3150 5579 6094 



6987 
8463 
9644 
7887 
259 
2138 6551 
2253 3303 5557 8765 


544 4367 
7990 
3183 

5515 

653 
1846 6480 

9606 
2274 
2308 
3701 6815 
801 2833 2888 6878 
3255 8955 
657 1067 1615 




7092 
6986 7529 
6913 
3034 4226 
7659 
2290 
3546 5864 


4241 

5036 5147 6166 9947 


2651 2903 6479 
8257 

6538 
877 
6586 9291 


196 1321 5354 
8741 
3276 4109 6188 
5218 5772 9956 
722 9958 
1273 
1061 6572 6590 
4475 
6989 

436 

565 
8790 8948 9076 
84 9268 
8118 
1659 


1400 5020 
9367 


6183 
306 
8120 
338 5769 
4397 6631 


3428 5087 


3678 3711 4807 
6272 
651 1826 
909 2902 5413 8213 
2256 
2926 
3934 4347 7969 
4273 4294 9265 


722 9215 
1120 
5169 


2295 

652 2126 9021 


831 5751 9176 

2431 6999 
601 

3983 


2045 

3057 
2621 
2459 7933 



4551 9512 

7562 


369 5604 
9402 
5483 9289 
5462 
6908 
8131 
1882 
8502 

8665 




2150 7978 9934 


1012 
2110 


4602 
4885 5630 
1820 8005 

8188 8632 



8183 9614 


8489 
4878 
7450 
8764 


7096 
3864 
8068 


2442 
5699 
89 1052 1981 
649 1998 6996 

4930 
525 3932 5380 9012 
5442 
4158 
1012 1692 8664 
4384 4898 
5498 7968 
3316 8451 
5434 6033 
5659 

8067 8315 


4566 
7520 8202 
2181 
534 1351 9677 
1103 1359 



9677 
149 5593 
5085 
1415 
419 5672 









5442 
3041 
5961 8928 
9101 9859 
7130 
1518 5773 9359 
4734 8129 
8228 
7541 
4234 

3071 8746 

1124 

4916 5418 
2055 7221 8789 
7465 
2637 4477 6606 
2625 4174 
4320 8113 9337 

1044 6185 
2006 6991 
2577 

423 706 8087 
979 
7135 
7232 
1133 

820 
2122 6968 7185 
2014 8341 9843 
3122 
9477 
702 9304 


6572 

4192 

5263 
9771 
2522 6934 
454 6739 9999 

5917 


472 4005 

3967 
9125 
7381 


3587 
9133 
705 2322 5437 6625 
2342 2665 
7179 

1589 3237 3747 

3745 4452 5505 


972 

5629 
6197 


5297 7354 
6779 
8757 
1942 6408 
3907 
5771 
4145 5838 

5713 
2598 7000 
4008 7229 

6841 7390 8882 9414 

6238 
7694 8215 
2660 
1715 2516 4254 5099 


49 
696 

8825 
680 1773 
4309 
1307 9191 
3627 9689 

4191 8126 

5829 



6653 8543 
8508 
6471 
2122 


1012 5013 
3827 5699 
9287 
1692 
6318 6343 
239 9177 

2367 
105 

4288 8676 
6716 
1159 
3042 
9817 

2853 
11 1224 6490 9631 
385 1026 5265 
9304 
609 1261 8063 
2707 
6049 6295 
6595 
3075 5132 
110 
1322 7226 
7126 9932 

7600 
623 9538 



3530 4242 
5168 
2142 2986 4462 6508 
7053 

722 3277 
2089 
4161 
7431 

3848 
6297 
5233 5930 
6725 9639 
1443 
9430 
5355 

735 
6878 
40 1114 1161 3177 



1603 4467 
6331 
5933 

8429 
763 
1894 
995 
2795 4979 
6442 8198 

261 3098 
1467 
7632 
3986 6408 
3232 8829 
4657 
9008 
5951 
6311 7096 
6519 
2380 7981 
3648 
3434 

6135 

6078 
2267 7471 
6921 
2805 6505 7517 9138 
7238 

6148 9587 
976 
9706 
4515 9866 
6083 7111 
8926 



6408 
9835 
5733 7380 
9783 
2187 
3242 
4199 
4057 
8628 
4518 
8404 

7219 

8851 
143 3622 
4922 
4740 
9499 

976 



4001 9221 
1447 1533 9152 


194 9931 

6186 

9751 

3834 7314 
555 1548 

8505 
9279 


1954 
8004 
7676 
2058 

4331 

7197 

1838 5448 

8136 
1259 
5091 
8413 
1103 4853 
7118 
7618 
2679 6862 


49 4110 8076 
1911 
5327 7711 

1698 3382 5831 
3231 6063 

280 6768 

2124 
2395 8276 
4181 




2566 
2291 2657 6187 6303 

2819 



3970 
3094 8545 
3053 
2340 9012 


1821 


4141 5118 8965 


1763 7808 
9993 
2650 




251 6976 

8944 

750 6343 

4010 6078 6484 6722 6766 


1884 



5280 
1866 3290 

7830 
1744 
9604 
9994 

2675 
8449 
3445 4637 
3638 5337 8003 9325 
6640 

1026 2931 

3672 4223 
6678 
1610 
2260 2862 7557 8657 
9684 

6716 


7214 
5869 
7452 9046 
6561 9598 



5890 
1391 
203 


5015 

2742 3345 


5444 



1310 

1995 

2951 3161 
5603 

1283 
7703 
4707 
3825 
3883 

1621 4890 8767 8965 
4468 4831 5418 
1065 
7356 
6022 9326 


4552 6919 
1627 


3405 8563 8968 
6740 

9275 

5606 9816 
4157 8026 


798 
4601 
698 5987 8514 
1279 2102 



2017 
9208 
1978 3822 
2697 4340 8622 9827 
1837 
351 

3865 
2201 6348 8563 

614 
7500 
2143 

2418 3464 

1662 3588 9678 
1205 9097 

4560 
2760 3213 
679 
322 
7262 8403 8416 
1908 6798 
1611 1871 


7161 
438 
4139 

2262 6017 9624 
7086 9224 
4554 9722 
4338 


1901 9219 

9923 

2273 6157 7685 



6787 
3129 3526 4713 
9441 


385 
3558 6504 9670 
8175 8692 
4606 

6764 8240 



7677 8452 
6371 
4667 
812 4359 
9702 
3900 5236 5566 

4384 7694 

6456 
2424 
7014 
2750 2842 2883 7283 8593 

3197 

8680 
8841 
945 

1945 
4061 
5982 
83 
8857 
534 4990 
367 2693 
574 1386 
1582 5974 6291 8371 
1438 2846 7811 
1482 9855 

4934 
3057 
5842 
9194 
7789 
4994 8423 
1310 9286 

2303 
3423 
1513 3137 6367 
557 
695 2514 
9609 
2327 3965 
7217 
2354 2507 
6193 
5415 
4263 4734 6354 

4296 

7164 

7181 
7287 9400 
3123 4944 
101 
4072 5019 
3330 

599 2940 
3883 
1551 3821 6872 
1904 9643 

8360 
3459 8313 
6273 9573 
3475 4551 
5765 7760 9456 



5682 

9892 



6849 8753 

2074 




1072 
4142 
3252 6337 6501 
7427 7987 

604 3820 


4841 7006 
182 1899 

1439 
646 1483 
7136 
1493 2288 
1120 
1760 
313 2202 
3613 5713 

3217 6224 
8233 
3185 

7959 
2637 4272 
6812 
4996 7121 
9113 
3537 4845 5577 
2429 
406 

2738 


314 

5013 9454 


3641 4906 5590 7539 
3509 
2062 
9762 



9044 
4903 5387 
1342 2749 
1614 


8841 

3308 
726 7216 
5398 
2792 



1761 
3342 5538 8488 

6321 
5155 5382 

1263 
4139 
2758 
3364 

6570 
5033 
8727 

8002 

8754 
9941 

3192 
9453 
6427 8015 



901 5431 6872 
252 9532 

5338 7372 



6407 
7064 

3008 


7106 
465 1946 9959 

8541 

5361 
7535 

5548 9351 

7349 
2615 8672 
5843 7838 

7096 
3311 6461 
821 

9966 
484 2009 
6135 9639 
8334 
5285 
5208 
6654 
633 6669 
246 3534 9279 


4654 5787 
7965 
377 3629 7391 
382 
6158 

3704 
5561 
1608 4614 

4298 



1533 
40 259 718 8945 
2097 
3784 
3772 4608 5710 
5586 8614 
1337 9935 
735 9501 
919 9700 
2683 6282 
8357 
3247 5157 9276 
1831 4630 7707 


9934 

9469 




612 9747 
9994 
1188 

441 


1477 8166 
546 
7926 

6007 

219 
8706 

6680 


5735 

4521 
7283 

1617 3165 
5001 6767 7808 9484 9738 
2458 
5795 

1821 
611 6633 
1192 
1578 

6032 6225 

1481 1538 5105 

2324 
2963 
7003 
1979 6584 

1960 7504 

1685 


4976 5642 
1614 9231 

829 
2914 
7728 9222 
5977 6592 
5337 
2625 9193 
5010 
3022 5978 
473 4536 

8944 

903 2822 
8140 
7672 
3427 9341 
2154 6929 
477 1763 
6468 
7003 
3467 4644 8252 

8454 
4217 

7831 
301 5152 
6754 7481 
8616 

4052 7626 8046 

9889 
5239 8961 




1900 4727 
7689 
1873 
6057 
1731 2313 3409 
1967 
1349 
6425 
1643 4650 6848 

4124 
429 
716 7157 
8712 
1022 1791 
9820 

7123 
6144 

4548 6317 
9424 
1129 2033 

1563 7482 

8096 
186 7056 
857 

4874 
1037 
3245 7959 
9109 
2923 4513 9381 
4833 7351 7767 
2099 3116 6634 6797 7233 8149 
3513 

2100 4562 4829 
503 6702 8229 

194 1509 5975 6573 
6630 8669 


7071 

1014 3625 


7664 

5485 
95 

380 
6167 
2956 



5955 7536 
8760 

3149 8304 
9975 
1891 5630 9589 
3642 6755 
170 759 7437 
5367 7586 

3472 3962 


819 4209 
200 6383 

5416 
4951 

253 
3898 8849 


4385 

4686 6758 
9540 
590 4255 8961 

2349 2541 5270 
1940 

466 839 

3844 
7325 
7878 
7903 
209 4055 6305 
6019 6110 

1114 2736 
5960 7129 
1638 

2571 2858 
9023 


1621 

4936 


3286 




2003 
1399 5080 

7249 


3295 6377 

1669 5168 
9742 
7585 

241 7483 
543 

7030 

7636 

2467 

93 3931 
1070 
5332 8593 
6189 
4575 5943 
7444 
9718 
2430 
6274 


8367 
3014 6357 
6953 
2341 3984 
4562 8434 
6321 7581 
1660 5612 


32 1569 
9038 

104 1833 
8870 
1710 1757 
9754 
1574 
868 8329 9610 



8364 
1341 8002 
2808 
762 4535 6463 
3562 
1914 1997 
2304 9919 

1380 4454 7399 7929 
4787 



503 4968 6223 6747 
1099 

2418 
3305 3444 
1313 2855 3708 
6227 
2843 4626 7929 

2119 3780 
3537 4045 
1535 2115 5817 7499 8457 
2287 
9388 
3689 



5577 
2780 
6555 8126 
412 4285 6985 8101 8769 
5870 9272 
9088 

8374 
9734 

9360 
814 8135 
5161 
605 7931 
3580 



3196 

7976 
1385 6117 

7004 8012 

3878 9490 
3346 6474 
7640 9890 

7309 
8370 9726 
6409 

5771 6473 
5821 

1221 

624 6655 

1352 
2055 
7906 
7471 

754 
3924 
2035 8615 
7696 8214 8459 
8512 
1084 2230 

2526 9781 
3315 8121 
7864 


8803 



4573 5064 
2153 
6436 7148 
8317 
4156 4246 
9042 
3264 3968 
7648 
1293 
6080 

1218 2032 2058 7963 

7082 
298 7378 
3333 7194 
4440 
6289 
7576 9883 
8621 
4284 
3976 7201 
6652 

4497 
6806 
8960 
401 741 5337 
1671 
1020 6666 


1336 4671 
4479 
9453 
4393 9694 

2512 4046 
1097 4521 

1329 
4381 7554 
890 


3215 8759 9336 
5136 7077 
2122 3683 8084 

1309 1791 8673 


4847 

6791 

634 

9069 9912 
6686 
4354 
5929 
1443 




8476 
6236 
6858 
5413 


1821 2221 


5086 

2437 9359 



4420 7430 
3184 5580 
4612 
3093 
8754 
4731 9313 
4215 5093 
1132 

3029 4867 5933 7760 
5033 9593 
2603 8733 
1106 1522 
372 4864 

7594 

2595 3351 
7288 
1318 3445 
9491 
2650 
7061 
180 6512 
1197 6645 
9393 
1319 8922 

8865 
455 
1117 4622 
7239 
9067 
2097 

8406 

788 
1018 1294 

5204 9100 
478 6893 7380 
8351 
1918 

6362 
3433 5171 
1901 5281 


9947 
1077 
9799 

3011 8645 
2781 
7299 





2405 3502 8826 
381 1013 

606 8961 
2951 

9428 

1613 2935 
752 8902 



389 
3366 
1172 1482 5604 
5281 


1275 3265 

421 7816 8663 
8034 

498 742 
805 4569 
1880 5412 


4650 


3861 5233 
5195 7905 7909 
2226 7746 
4189 
383 
2130 7630 

7008 
8824 
6739 8845 

3790 
5533 7956 

9943 


956 
8928 
3595 4556 

702 6269 

7839 
1819 5704 6379 

7638 8024 
728 7850 
9762 

1381 5237 8945 
7662 
128 1139 3010 3443 
908 2051 3591 7492 

9063 
4741 5885 

1238 

8475 
2525 8484 

7689 

5463 9670 
8524 
7120 
3056 


5066 
4105 
6069 
7703 
5227 8003 
477 6742 9251 
294 2238 



589 
178 767 
5627 
9727 
4264 7361 9325 

8470 
1902 5007 7575 
8615 
2234 


592 
2573 5036 7159 

7852 

3829 9316 9706 
3473 7264 

1965 7267 

2407 
4024 
1052 4590 8236 8490 


6866 6969 
4313 
1463 



5503 7436 8296 
49 
6433 

10 1369 2728 

740 4865 
7386 
4559 7156 7251 

1522 
9668 

8978 

6041 
2300 3748 





4360 
1209 

2370 7694 
4490 
5769 9248 

1591 
9071 

413 8991 
4881 
91 6377 6580 
5939 
5149 6327 9641 





3250 
4101 9238 
2729 
5636 
8731 
8371 
858 
6593 
5141 6135 

2115 4362 5037 9186 
4931 7230 
600 

2023 4887 
3106 
6176 
8533 
5822 6507 
7759 
9714 
2200 5979 7134 






8233 
2556 

871 
4726 

6044 
4585 
870 7857 
3682 7683 8911 
78 1466 7339 

1555 
7390 9854 
3193 
4669 6476 

440 688 2155 3043 5584 9951 


482 
2762 2883 3936 
4190 
6769 


2647 
6891 
5291 
4922 7550 
502 3138 
2916 
6341 

5637 6744 
3024 
4721 
4024 9529 
7662 
986 4964 
3273 6911 
1599 6713 8951 

7651 8339 
568 837 4354 5090 5460 
8505 
5920 


8039 
1579 5864 


5938 9220 9770 9836 
1470 1861 2178 7819 
9057 9444 


7942 
312 

7073 
998 2454 8986 



7432 7806 


9619 

5834 8399 

7453 


1421 7582 
1648 2436 4625 

1448 7786 
1728 4469 


1516 6427 
6079 9312 
2628 
4876 
2082 

1721 5957 7403 

5952 

8895 



8111 
5670 
6055 


6013 

655 


772 

4107 6629 
4971 

6242 
8131 
8 3726 5052 6731 




6720 7484 
2155 4327 6406 8701 
4717 8380 


5244 
3848 8096 
1061 
3689 9853 
617 2167 8657 
5796 9225 

1787 


1146 
9576 
4796 



8314 
2482 


3913 6977 

495 

539 4884 
8726 9411 
6656 
505 7076 8245 
9550 
2748 4239 



2174 


1925 2430 
11 854 6243 8968 
8787 


7958 

7045 
1709 3481 
628 3942 6851 
6494 
1885 
7337 

8298 

1685 

9787 9828 
4505 

4233 


5470 9148 
7052 


6893 

722 5482 6829 
4212 8135 

2004 
9287 



7256 
953 2735 4747 

2573 2770 7434 
3937 8176 
3132 


8928 
7588 
5012 6444 8344 
21 
665 
2464 7244 8105 
2963 9326 
486 
995 7680 

1035 
4895 
155 6171 7078 
4137 

5168 8545 

8758 

8321 
2598 
6454 

221 3658 
1891 6505 
6875 

6092 
7100 

445 


3085 9281 9556 


8354 
9392 
4020 

2263 3323 
3072 

127 2293 


1279 

461 2588 8451 



1542 

138 8921 9634 
1736 

402 3827 

4634 
1358 

7669 
5615 


1737 

5751 6285 
6448 
2441 4188 


839 7432 

3267 

1528 
6798 
2261 4803 


3451 9074 

6964 
9493 




5598 
1609 
1530 

990 
7522 
8533 9831 

584 
7563 

9745 


8967 

2370 

2564 

9653 


9211 9213 
5067 7092 
1064 7238 8067 

5281 
4096 
4538 
43 573 6714 
1657 8108 
4121 4730 
3564 8938 


5461 6301 
3 1937 7164 

6300 7079 
5048 5975 


8145 
450 4589 
4918 5447 
7253 


7436 
7225 




2395 6675 
6100 


6595 
5020 

4648 
3280 
1317 2427 
1942 

1649 
7133 8694 8784 
924 
4220 4624 
991 
5618 
1253 2891 6377 
3454 
4075 
5184 
2344 

5734 

2172 
9811 
2649 9315 
4639 
8048 8706 
7584 

9120 
615 6510 
336 1430 
3411 7769 

9327 
6502 

7068 
9197 
3540 6892 



1415 

2569 
4015 
9809 

3324 
8724 9436 


3162 
6975 7422 
2670 


4759 5562 
1977 
7370 7615 8721 
1128 
5974 
1783 

7480 


4112 9794 
2342 

549 3553 6837 7078 7671 
2984 
7384 8484 
1552 
410 6563 7259 
8067 


1993 

4749 
5559 6451 
820 
2360 3973 
3023 
5512 5827 
8583 8994 
4094 6719 8270 

2675 4858 
7651 9492 



2486 

9699 
2862 


6415 8608 



2393 6271 

9004 

6350 




2787 
373 
3862 9927 
3531 8663 9810 
7476 

508 5269 
2839 4520 

3359 6154 
1658 
6155 

6695 8280 8606 

3980 4908 



5895 9644 
7493 
5909 8538 
7057 
2118 



5438 

7095 

582 
1520 
1000 


8781 
7287 
2695 2790 4779 
6101 
4998 
2675 

186 2132 
3642 
8276 


479 3264 3587 6097 

8586 
5628 

2343 5564 5868 8434 

783 832 






1913 4404 

5419 
2081 4619 8672 
9229 
9791 
1971 

8901 
3541 3809 


750 
726 1364 4068 
1238 3824 7857 


8110 
7571 
3385 
9352 
2536 5861 7681 9740 
4544 7349 7582 


2749 
907 




2654 


9315 

9268 
1609 6592 
5854 6330 
3773 7531 

8480 

4372 


7117 
298 3976 9182 


2339 
1982 3179 8447 
1662 7655 8869 
1338 7182 


9362 
5579 6231 
3926 


6763 8226 9615 
2298 

6896 7028 




4954 

2917 5427 
6552 6859 
2460 

2913 6413 
361 1683 





7372 8544 
2649 2876 
7205 
2581 8912 
3318 4078 4470 6402 
724 3291 

6754 
3675 
3875 
4753 

2875 6488 
4564 
3526 

1914 4708 5626 
3486 

8059 
1111 

611 

6119 6852 8836 
5257 
9536 
9980 
8476 
7466 
553 
528 


8786 
7613 
2734 4426 
2541 8789 
6901 7967 9152 
89 
2014 2483 7785 
5696 
7148 

665 

716 6441 8318 
1478 
4068 

6624 
8844 
6770 


6970 
5109 
3130 


3949 



3354 
5011 
8437 
8709 9901 
5988 8312 

8367 
1088 1717 2611 3766 5527 9735 
6923 
2163 4255 
8938 

1936 
593 2760 8376 
6921 9304 

8637 

1478 6598 8393 
4689 7458 

2788 
5406 
2468 
5426 

2271 
3707 6319 9482 
1151 
3962 

1158 
4513 
6191 

4917 
170 929 1671 4129 7780 

7723 


1053 4136 
1849 5512 6000 
4923 

1902 7453 8521 
7233 
4575 5982 
5222 


3565 



9841 

3397 7002 


15 3172 4339 
5314 5577 


6955 
6158 
3579 7080 9477 

9711 



3510 5186 
2083 7483 
3767 



399 
5200 5930 
5162 


8906 
4548 5361 6655 
627 3771 
2766 


5905 8603 
1652 2757 
4817 
328 

1768 2040 4550 
1890 6051 8603 8921 
4619 
4918 8811 
3046 

5869 8432 
2181 


3152 4706 
7685 
2998 3835 
7944 
746 

6028 
1023 6931 
7261 



7087 
2148 3429 

364 
8834 
1182 4084 
6287 
2380 3207 
3282 4052 

6676 7329 


4841 
9095 

8045 
2499 9413 
4526 
5855 




4931 

3617 4795 7082 

6994 
5210 
3776 
2537 2664 7898 

7431 
671 8519 

3633 9875 



4 4873 8594 
1560 7072 

7011 
3304 4967 7516 
1778 7726 

2972 9962 

3167 
2922 
328 4822 5215 6696 
4182 6283 

2722 4914 
1077 
5419 


3564 8907 

8520 9722 

2901 4995 
1238 
6973 
4309 7388 7685 
3646 5530 
180 
8277 

5838 8110 9735 
5539 
1945 
628 4783 5309 
3890 
4554 5772 
933 
8326 


8315 


7872 


950 9176 
9186 
3009 
3546 
6313 




9044 
7296 
5960 
3971 


365 
4172 6368 
882 
3938 7265 
1659 5761 

7471 

127 
2148 4500 4714 
150 
720 5887 
8548 



960 1683 

7678 8528 9437 
1469 9203 
1175 6880 
7085 


1344 
9314 
903 


9498 
7479 

10 
4565 

8994 9244 


2535 
6884 9232 
5846 
3875 

4970 8092 
2283 6450 
6230 
1672 
428 


3968 6917 

4737 
3550 4909 8871 9245 
1463 7691 9084 
4594 

7187 
637 3463 
4215 4537 
2499 
7231 
3725 
233 7566 7664 
2525 4601 6549 
5152 
9573 
9024 



7237 

3463 

1989 5215 7956 




5834 
8692 
2571 5396 8301 8459 
1611 2230 8314 8364 9980 
121 1392 
3480 
4010 4650 




4268 
2735 
9612 
4755 



1293 1341 
9063 
5094 5110 

1567 5666 7116 7441 
4939 




9101 



3481 6221 7610 

1399 
3265 6741 
1981 
4904 9900 
1401 
425 5261 7386 
4667 4890 

7342 
1524 


3910 
3666 6092 7547 
7358 

7684 

4753 
3522 
9643 
9198 

9041 

4344 
6209 
5058 8564 
9658 

3158 3185 3195 
5293 
2116 6420 7528 
1923 



6004 6431 
3292 6632 
4516 4845 
2974 
2839 7237 

1976 6079 


839 8738 
1744 
9978 
525 
5161 7503 

360 8564 
6029 

3026 
3243 3567 
1711 


3475 4768 
403 516 
605 1615 
781 

1333 5781 9512 


2581 

2458 
1280 


1813 5207 

2380 9712 

7983 

9121 
6176 9307 

7568 

1334 7384 
4305 4842 6810 7595 

2260 5655 
877 5181 6442 

1525 4525 
208 1392 1726 3562 
4531 
2307 
2395 4950 


3881 

6187 
9159 

1088 
2405 5984 
2138 2409 9962 
9546 
33 9464 
7565 
6760 
5465 8744 

7901 
3548 9481 

4891 
2735 
5001 6482 7533 
1650 

2570 
309 830 

4772 9181 

4359 
2214 7920 8908 
7730 7992 
3246 7856 

4998 


6682 


4110 6754 9094 
3933 
3361 

6591 
275 7808 
773 2158 

3665 
9905 
6843 

1567 
1446 7895 
961 




3152 
1341 1815 
5050 

986 

6514 9505 
4895 
5029 5372 8687 
2922 3735 4192 9882 
131 2410 

4575 



305 5005 

213 7936 
117 2257 2945 3469 

107 2309 
1562 



6725 
2398 

1449 
5074 

942 9764 
7991 9798 


4156 
1477 
596 9992 
4562 
4384 


5789 5995 8504 

8891 
5934 6559 


2465 
2079 

3199 7865 
6316 7899 

5152 


248 5501 
7334 
5948 



7284 




1349 9583 
3959 

426 


298 
837 

1040 
6338 
3195 

2249 


5247 


4030 


1685 6137 7328 7542 
1592 
7610 9668 
2070 
7078 


5910 
4249 7234 


1232 1835 5858 6601 
858 
7287 

3377 4746 5400 


1929 6712 
3223 6734 


7973 
6966 

6861 
3998 6021 6056 
441 528 6091 7227 
8152 

9079 


4784 


8793 

1280 
5669 
8837 

6082 


6082 
3778 
2287 
6599 
4226 
602 
2212 


2476 5777 

92 4210 6772 7920 8977 9556 
5749 


1 
6472 
5989 

4944 
157 1875 2565 4741 5488 
2403 
1510 
4734 
610 

6912 7864 

1508 

1281 1761 7972 8593 
2820 4710 

656 

2558 
4051 

5440 5634 
9155 

147 9025 
2510 
4147 7410 

3412 7563 9423 

4087 
1728 9449 
4611 6394 9502 9648 



8865 
6391 
1001 8469 
6195 
1613 
6910 
485 9564 
8356 
6326 
1744 1786 
6117 
5726 


6382 
742 

2307 

6179 

1705 5530 
1229 5719 

9188 
5433 

8428 

1665 
1676 7108 

5434 
3885 
6560 
5315 
4553 


6148 
4806 
905 1776 4114 

6244 
1905 6297 

9346 

3177 7282 
3137 
3597 
4183 6372 
6798 8229 
3767 7598 
7762 8236 
5235 
4735 9628 
9858 

1367 
8285 

1299 1492 5228 5787 
894 7812 


7698 
3302 
6444 6681 

2416 
2704 3558 8941 


2414 6677 


1007 2659 2969 8612 
2607 

48 
8890 

6231 

397 4545 
647 
926 966 
5339 
2843 6096 
7271 8213 
2472 7397 
7578 
379 6248 
7911 


6632 
81 5286 9996 

2922 


7197 
1712 5157 


4212 

2636 9290 
7062 


5112 5813 
1028 
1881 6843 



1941 

8916 
4859 
2100 5606 
2146 4566 9121 
4744 



4301 
7300 

8158 

4271 6921 8849 
8842 
8100 

1962 



284 651 3887 4442 
1634 5278 
9969 

3836 
5519 
7804 
216 5650 9279 
4664 

2434 

2690 

4549 
528 
7347 
1179 2127 6126 






751 
5272 9016 



4354 7734 
828 

4238 

112 2343 7228 

706 4767 


1390 3984 7066 
8920 
6894 9466 



5242 



9694 

9311 

8675 
8086 

2473 6122 
9477 
5937 
4324 

9343 
3286 
2961 
7675 
3732 7351 

3930 
9725 
7657 

1162 2439 


5346 5451 9035 


5007 
2547 4336 8934 
565 
436 
7801 7967 

6947 7224 
319 3418 5703 9442 

3827 
1255 
319 


9135 
1600 6333 
3753 
5067 
328 5507 
3839 
2087 9270 

1648 
1576 
6460 
6821 
3584 6783 




1968 2540 6791 9016 
2154 9408 
3841 8875 9553 



5586 

2472 
820 5761 
4512 
5835 8087 
2874 

4446 
1898 
9194 
3632 5457 9231 

7840 7881 
614 5449 7246 

1398 

5573 7481 
5034 

3476 5565 7733 
3419 6478 


976 2692 
2841 
4796 
2923 




1569 
7452 
1802 
500 1014 8942 
1341 9129 
185 476 
2396 6142 8947 

1973 
2121 
8787 9000 
6170 

4436 



1695 

1877 
1014 2331 4554 

1764 
441 5639 
1579 3626 5214 
781 
8500 9502 

5728 7542 


3855 
8979 

1967 5660 

4147 
6088 6756 8709 
936 4425 
6108 
5 8333 
7038 

4404 8717 
1591 



485 1074 7471 
2126 
8996 
5133 7984 
7972 
1702 


1316 3929 6840 
2867 9968 

1205 
142 7837 9581 
263 6931 
2196 
2459 8836 

6938 

7672 
7734 

3513 9214 

417 8347 9653 
1637 

8111 


2252 2862 

8279 9002 9932 
2243 
5672 
4807 9540 
4585 
512 3002 

3545 

3651 
2941 


3707 
6445 7435 

459 2591 
9381 
4889 







1964 
28 5116 7218 
4438 6454 6483 


4046 
705 3617 
7793 


4396 5777 7946 
3775 
1199 
9171 

6938 



197 3173 4055 
2044 3573 8548 

4195 8296 8436 
5025 8366 
3737 8344 
3132 
3390 
6644 7894 

1819 


2695 2947 9573 
8575 

4954 7567 
7463 
3474 4006 


1848 2229 6846 7687 
3909 5422 6208 



3365 

7785 
649 

3342 
5009 8846 
464 
5825 6926 
7257 
240 2273 9673 
5803 

4865 


5131 7955 

3822 
8444 
5132 
225 2474 
3845 4878 8918 
2699 
8421 
7568 



2112 5630 

7231 

8741 



8457 

7684 

7490 8976 
3255 3458 

416 3300 


2021 2082 5142 6368 

3278 
789 7078 


3749 
4391 
6325 6339 8663 9122 9296 
991 
9870 
1912 
6845 

2248 
5442 

8041 
500 6105 7339 

5028 6275 
3100 6184 

4804 7229 
8828 
643 
7656 
284 4867 
8075 
8060 

4015 
6877 

2253 
3285 6653 8559 


5378 
1149 1591 3892 
5704 

2884 9656 
4540 6685 


8510 



9000 
324 1005 
1516 5401 7262 
134 3541 

6955 

946 
3784 

587 5274 
2188 
1945 
862 
7858 
8359 
8358 
2570 
2759 
1093 
831 

1250 
8607 


2286 
4236 4290 
4811 

4893 7827 
2842 
4189 6290 
2370 
1093 4346 
8985 
4063 6624 8029 

4441 
5913 8487 
4867 
923 3254 

938 1311 2788 7236 



218 4295 7557 
4361 




3878 

966 1738 1830 4009 

2407 2508 6237 


5138 7176 
6117 
7462 
1669 7522 

2573 4643 
3146 7277 

7618 
1132 7916 

2174 3733 6359 
2168 2459 
9320 

2682 4882 

1791 
3425 
647 
4656 

2683 6798 9138 
4926 
3383 7202 
215 8523 
9865 
6157 6593 
3195 6576 9077 

484 511 3117 
8658 
2547 9060 
72 3546 

3592 9572 
4302 5026 
530 6088 6173 6531 
1799 1985 3317 
132 6635 
1803 2953 6438 9176 
3157 3304 7316 
8810 

9155 
6978 7262 8205 



392 


7355 


8692 
9883 

2526 6204 
6483 
6620 

1488 
3955 6692 

6183 

6671 9470 




5512 


1066 2174 7925 
4702 6586 9203 

8606 


7156 8092 

2338 7061 
453 2404 9005 

31 

4470 
2539 
7678 
112 


2265 2611 
6660 


4740 
4277 6750 
3880 
927 1270 7839 


790 5590 
2584 
1016 
3331 
2355 2383 

9779 
6754 
8248 


3597 4724 9654 
6905 
7171 9842 
2529 
3973 
3940 
395 753 
8643 
9875 
4610 7701 
8417 

5603 7591 
1917 2790 3100 
2616 

3222 5883 8886 
5139 

2696 
3555 
6562 
5881 
4974 7641 


2183 6886 
9465 
2156 7054 8698 

4696 


1725 


620 701 1552 2637 3029 
4582 
298 4058 
2962 
1773 2972 4003 
1721 

2371 8674 
2948 3292 
3121 
1488 5816 7120 
6435 
3499 

6559 
1537 

6240 
2053 5240 9130 
9421 9453 
2401 3365 8428 

9140 
6302 
8305 
4160 
4998 


7999 

1785 3156 4563 6775 
6199 
872 3737 
3511 6800 



3593 3910 8117 
1790 
2300 

4401 
4915 


6070 
2844 
8006 



8579 

6195 9110 

4037 9386 9393 

5653 



6218 
1510 2471 

5868 
106 
7195 9178 
1395 
5563 8913 

4690 6654 


855 
8233 
1536 5426 7136 
425 4550 5115 
2087 5087 
4256 8964 9500 
1706 4683 8013 9451 
289 
1510 4390 
8748 
87 
847 





6530 8992 
7718 9091 
5225 
8034 

8181 
6390 

8311 
7639 
9723 
1628 



8867 
4945 7162 
4307 
950 7781 
5536 


4914 
6350 
2882 9956 

4479 
7937 

2938 
2078 
814 
3546 
4120 7481 8668 
2108 




5285 
263 2964 5157 7447 

4309 9656 
114 593 8486 
6924 
1807 
3439 5042 9527 

3171 3640 9868 
5962 
3302 
7393 

8098 

8377 
594 
2184 9955 

4567 
8964 
3614 

3595 5676 6017 
1194 4558 

5467 9768 

5264 5612 
3119 

684 
4314 

3867 




3731 6251 

3629 




1155 6919 9848 
3763 
5277 


4461 

8809 9685 9910 
1222 
1138 

8307 
3849 

8406 
355 
1125 
1842 2272 8209 
1420 1823 2897 
2460 5469 
8408 
1577 


4003 

4471 
913 

6164 
5091 
5194 


3799 6160 
6743 7954 
7255 
3761 

4646 
2732 
254 
1553 1856 
4713 
3952 5223 8158 


2041 
7048 8151 
2793 

3274 5531 



3126 9060 
9621 
2976 
1703 




1439 
3550 
9584 

3049 3497 3569 

1054 3414 6476 7775 

1514 


1084 
1293 

1637 




3833 9283 9496 
69 3555 7268 
4980 7043 7326 
9340 

109 
3414 

3149 
1402 
3721 5524 
66 7159 
4563 8395 
9024 
5976 
6772 
2099 
1781 9476 
4674 


5738 8025 


5712 



3942 
1703 5244 

4649 

6478 

1398 

895 3817 6053 7063 8034 

77 
7255 8498 
6150 






989 8488 9443 
8122 
6120 
702 5730 5968 6555 

2559 
8328 
5631 
3570 
235 

6512 6783 8784 
3984 
2250 8492 

6847 7871 




1205 6096 8303 
2748 8572 
5871 6771 

4200 8073 


7871 
7428 
1744 9280 
714 

1316 2214 

5554 

9812 
358 2494 

7041 

907 4447 8251 
3262 5109 


5459 
2368 
6044 
701 
2773 4234 
7630 
4714 9479 

7141 

4723 
2386 9231 

1008 

474 5501 
5707 

4372 

1421 

5586 7825 
1446 4753 
3402 3420 
3278 
1075 



6233 

6227 9591 
5359 
1926 
1062 
9624 
6250 6538 


2366 


6250 
1650 2223 
4797 
5236 6461 
4818 5217 
7981 
3826 4733 
9921 

8819 

4094 5805 
7554 


6558 
3000 

5604 
7039 
2003 

1904 
972 3234 
3946 
1620 4319 

7918 
3197 
3926 8255 
2881 3378 6157 6578 
2638 


2486 
3687 4857 

7357 
143 

9947 

9814 

5436 8588 
3560 7383 

9061 
9829 
2683 

5417 
5147 
3691 3846 7308 7382 8626 
3000 6410 
5804 7903 
3830 


1079 6462 
9410 

6426 
9150 
919 3124 
5662 
3082 4443 5226 5907 
717 6784 

5266 
2232 3517 

4567 5169 
2776 5983 

7134 
2102 5014 9010 
2672 5079 7884 
6988 
8258 

2812 4119 


1024 2381 3204 9495 
3156 9099 

944 5391 8470 9414 
5404 5710 
3317 7131 
44 


411 
5441 

3712 9825 
954 
9806 
216 271 9511 
7244 

4821 5989 
9730 
1273 4832 

4165 
4000 

769 6195 
1781 4223 4310 

8610 9982 
5438 
1303 


13 8049 
3088 7422 
7253 

8968 

742 1310 

81 


4754 
2385 
3520 



1090 
1977 
4648 8853 


1678 8493 
2031 


1245 2926 3626 
2391 3693 
2073 8007 

613 




4309 6598 
6305 7385 

239 6241 

48 4886 
1167 4894 
7350 
6149 8412 

4214 6335 

3937 
5244 


2415 4702 5219 
2878 
5848 





5393 
1194 
5575 



1018 9732 
6719 
7967 
3325 
6003 
592 
9604 
7066 
7127 
3169 3993 4638 
6180 

4135 6719 

1217 9307 
4685 
6495 
6897 


5473 7963 

2435 9988 

6643 


9747 
61 4056 9475 
9830 
807 

2457 
3248 
221 
6849 


6412 
6332 
1385 9578 
589 1410 
7154 
310 4586 
1284 

9658 
7602 


551 2600 5609 

4737 

2032 

4765 8498 
6933 
1254 1582 2049 

3188 
569 
1196 
1040 1318 
8291 9246 
772 

4627 
9225 
1912 

181 4630 8810 



1239 


6990 
398 
4378 5279 6169 
3616 
5025 9455 9825 
125 3786 
6691 8136 8205 
4481 9905 
497 6017 


3973 
8905 
8197 
1320 1982 3125 
9847 
4339 
6310 
773 
9849 
9201 
8919 

3316 
4879 
1520 2761 5921 



3895 5287 5601 
4645 
389 
4595 
1490 8288 
5052 

7161 
6067 
1531 
7152 
3181 

2905 

8847 9233 

2372 7153 
23 4178 
2075 
1253 
4668 
3962 8567 9713 
408 3335 
2412 
4906 
9533 
7847 
1614 3191 



1917 3291 3824 
2489 
7862 
9778 
2914 
137 9823 

8262 9258 

4134 
1147 3169 7465 
7891 
5716 
3184 3707 8458 
8350 
1174 3653 
405 
6751 
1425 

8260 9519 
8542 
5397 8123 

156 


2975 
408 4613 

2362 
5286 5335 6125 
5918 9304 
4746 


843 1828 
4310 9300 
4145 

5766 

7520 
6505 

8451 
5745 6648 7734 
547 4143 6315 
7736 
1176 
5384 9948 
8684 
8420 

165 1966 
6512 
6099 8394 
7278 
8640 
8627 

8864 

4569 
4007 


1044 7106 
4913 




577 
3819 
2370 6704 
3417 
694 5314 8726 
226 
9461 

2692 

3586 6799 
1993 
8760 
494 1051 7379 
8191 
4736 
4971 9879 
4207 
8924 
7598 
367 1823 
5781 7898 
3061 

902 4267 
2772 6498 8075 


241 5113 8425 
209 669 2544 7924 

2980 
2595 
218 4803 
2329 5676 7326 
8179 8401 
987 9922 
7384 

8187 
9014 

7109 


1051 9893 
7476 
2728 9346 







788 
3480 4772 
6797 
5155 

911 1778 

418 5941 
5055 

7735 
7041 
601 5191 
831 1914 
378 3387 5040 
3284 4131 4330 9770 
7204 


1654 3972 7503 
4138 



4227 4866 5394 

2866 
8347 9010 

2324 2477 6114 9527 
2870 4843 
1392 6279 
2254 
5601 8226 8544 
937 
3783 5739 

7994 
1304 

3414 
6286 

3237 
2010 
5980 7803 8274 9003 
1612 1707 6472 
7709 

1396 





407 514 

8564 

2830 



239 
7576 

516 7168 

4539 

6772 7400 

5302 

3513 4335 8626 



4152 
6070 
8233 

7768 

3642 
6462 
4746 
3737 
3690 8573 
5776 8209 
2376 

1233 4108 
3374 
987 

393 792 2408 
9903 
636 8559 

742 
7809 

7262 

2619 3130 3778 



7176 9911 
6776 

179 
956 3537 

578 

1318 7454 
9386 
9772 
6687 




9528 
7632 
3895 
268 


6537 
3248 

2441 4698 9864 


4510 6326 
5720 


1960 
9089 
7286 

4572 7573 

448 

7577 
2797 6891 
3830 8984 
8729 
1534 

8988 

6025 6818 8535 
1429 3626 
3777 
9078 


2026 4931 


5771 
5615 


8137 

4018 6290 7406 
3921 9191 
1700 

6853 

8948 


5282 
5210 
6522 9733 

6863 8903 
822 3177 
5661 7985 
1409 

3130 
5572 

9544 

2450 
225 5040 

6728 

1001 2538 8442 
2296 7923 8957 


1998 
1106 
5918 8327 9986 

405 425 6876 

2392 8585 
271 3728 


4200 
9182 
1692 3075 
393 
6120 7912 

4139 
1757 
2062 6884 8301 
3701 4642 6210 
8814 9261 


7798 
2641 
1951 2714 6892 
3067 3877 6573 
2709 

8618 
1614 7105 
2600 5494 

2467 7554 

7336 

571 
8351 
5543 
7232 
9774 

212 
3021 4323 
3402 3685 6792 
9578 9666 
4398 
9062 
2524 5233 
6646 
516 

8336 
5070 8952 

368 


6490 
8538 
575 
7217 


7361 
2042 4008 4249 9374 
1670 7739 
2580 4605 
8119 

3096 
6970 

8513 


4665 9491 
8328 
2343 

9118 


7539 
7901 
7140 

9707 



2853 
2145 6083 
4194 
8199 


1555 

2849 
207 2381 
1585 5299 8901 

4286 
8032 
7038 9683 
1787 3876 5549 7032 
8395 
7328 9127 
4174 7100 
925 5208 9682 
789 2107 8987 

241 



3784 
1485 
6973 
8204 8740 


3933 
329 3892 
6531 8502 
4648 8464 
2725 



1263 2767 2805 5632 
3397 9665 
5913 


4889 
409 

252 

1394 

8340 
4305 

1463 8157 

6283 6666 
3036 
3380 
5887 
4299 
7891 
2844 6444 7362 
691 


4494 8680 


869 4180 

1330 2275 
2234 8025 
1182 6174 




9097 
7595 
675 2548 
6397 



506 1934 
1245 

5251 5270 



2399 
827 



1151 4212 5854 6021 
3407 8789 

1465 

2638 4222 6158 

2501 7088 
1136 3723 
1064 


230 




8023 
4763 
453 5761 
575 5106 
3882 




7842 


3044 4543 5646 

7780 
154 

4163 
3389 

542 1438 

7589 

9469 
2814 8844 
4543 7025 8005 9627 
4900 8455 
5490 


1082 6933 
5155 8199 
1054 2096 
586 587 1113 8084 
7637 
4785 
6390 

8380 

4142 6857 
5203 
1433 7399 
745 5802 6579 

4920 5284 5742 
2545 





7289 

6352 


5736 7391 

2571 

4690 

5855 7880 9987 
4532 

7948 8145 


9830 
8769 

2347 
6991 
6220 8672 
2159 4120 
7046 
799 
870 6430 
5104 
7281 
2227 9633 
5322 



9807 
7684 
389 1045 9602 

4038 8878 
7392 8628 
1855 
779 1031 
4361 4987 

91 7116 
3837 7216 
5247 
4899 7276 8165 
1429 
856 4015 4265 
8742 

6258 7115 
4650 8332 
8421 
3606 7580 
4226 6608 

6804 8827 9077 



3114 


8009 


4730 7878 
4957 7161 

3960 
2538 
9140 
6978 

3096 

3784 
1352 1645 9694 

1708 8647 
2817 
391 2446 8853 


6625 9982 
494 
891 904 6177 
910 3920 7993 
799 8867 
4887 
6721 
3110 
2257 
3237 8401 
3472 
9765 

1892 8424 


5579 6735 
5601 
2377 2579 3729 7268 

3487 
5343 

3467 

8912 
6098 


1979 


6104 

4804 4971 
1049 4165 
9397 

5615 6392 
1610 8533 

5216 5529 
3996 
4415 4438 
1459 4096 

3202 

559 4789 
9810 
3063 6771 

9071 
3495 



4065 
490 
4187 

3594 6245 9288 
5860 6347 6852 9653 
1583 

4108 

9475 

2176 8061 
7641 
875 
691 


1022 7765 



5402 
3906 
3259 


9513 


6379 7266 8056 


6368 
3711 
3065 4249 

5650 

1315 


9154 
429 7149 7952 

7668 

2546 
1605 9179 
6223 6291 
8670 
4807 


2564 

1909 
1226 
1390 
1465 

3234 

3 
3889 8372 
2536 


2755 7942 

2938 5989 8893 
3952 


6785 

3230 4372 

8103 
4436 
2011 

1006 5691 

5580 
8305 
4073 
319 
8868 



4819 
247 994 8075 
3615 6116 
7883 


5461 6978 
1259 7305 7528 9105 
3905 
9300 


8629 
1041 8884 
19 7282 9945 
4620 

8524 

7673 
3161 5365 9106 
1768 5054 



6590 
650 8715 
7981 

4780 

1301 4494 

5710 



1426 7240 
7563 

7770 
42 2007 
4638 
9788 


5455 
1978 


5841 


376 


7047 
4803 8507 
7247 9780 
1508 
8396 
120 

5531 
3685 





161 
989 1095 1417 6483 

3730 6624 

8399 
4205 
3819 4445 4457 
630 7985 

6195 

2924 5814 
250 1339 



551 
661 
3265 6026 
7129 
6430 
817 
7113 
2731 7215 

4379 4551 
1834 
4886 9280 

7956 
8795 
5034 
6105 
1423 
3731 
1046 
9770 


2976 
9378 
7222 
334 2282 2319 

1402 4960 
8106 
467 4150 
2489 
3230 7337 
5090 


2681 5144 7654 
753 
1465 
7148 9820 
5771 
6604 
2910 7391 

1769 8984 

4116 

8903 
7845 
4570 7530 
327 4112 
754 

4435 
1013 



7121 
658 4970 
2139 4717 
900 3000 3961 6680 
917 
1000 
5194 
7221 



2641 8678 
269 3743 
527 4901 
2105 9490 
2121 
274 4333 5064 

7696 
8266 


8846 
2935 

1086 7123 



3251 

9998 

5071 9187 

7608 
367 
2247 
741 1572 
4550 
5146 8271 

3855 

7586 


4727 
798 1434 9982 
9316 
9858 
1894 


6335 
1442 


5127 9517 
1441 8296 
7848 
1061 1771 

4555 6501 
980 4714 
476 7108 
3127 3748 
3807 
961 
3791 6094 
4964 7617 9345 
2662 
6572 


239 935 1927 
4620 8600 






6157 
193 2216 9648 
305 4432 5203 9068 
251 


6172 8068 
2420 
8821 
8629 
3384 
1519 2438 8192 
2315 8162 
356 
3427 9280 




8150 
1472 8705 
204 2546 9538 
2761 

8592 
5546 
8654 
144 2851 8816 


419 2653 


929 1936 3736 
3111 5881 8750 
4939 

9434 9513 

1018 6632 
4108 


902 5162 
1736 

42 
558 1568 2619 7356 
1686 7994 
7247 9046 9975 

5729 7778 8666 9781 
500 4631 


9273 
3342 

2008 4776 
4289 

3595 
6991 8961 
2562 
4870 5445 
7187 
1126 2506 7714 
8633 
9138 

6557 
7797 9022 
6872 

2556 5697 7035 8364 
2618 5091 
1039 2028 




3717 6258 

1341 5531 
9045 
2081 
3789 4238 

6978 
214 1383 3642 8227 
308 8774 
2870 7072 

1171 
3266 
929 2407 

558 5165 
2767 


580 772 9430 
6734 
3580 7763 

891 
1096 2776 2923 3914 7049 
2995 

2037 2848 4011 


6214 6819 
2664 7242 
2394 
8523 
3321 6360 
3273 5309 8843 
7072 
3542 

8180 
8096 

2183 


541 
9509 

3060 3266 5058 


5104 
9315 
7924 9659 

93 2028 8749 

1241 7606 
3200 
638 
67 8080 


4604 5546 

6622 
3518 8489 

4103 5280 


5177 5403 7708 
3442 
3458 





567 794 
5055 
1437 2236 7176 

5104 8497 

1017 3800 6306 
8768 9111 

1071 




2823 
7077 
4505 4683 
757 8280 
1964 
8605 
4930 
2982 
3882 8287 
2943 5080 

462 4137 6809 

7030 
1345 

6668 


4704 


665 
109 2556 
780 2819 8027 
4752 5131 
7855 
46 
5667 

1012 5412 
2215 3967 4275 

155 598 4274 
2706 4120 
6966 
8523 
651 1212 




6974 9652 
4027 


976 3254 
7109 

2747 3646 5925 
4759 7688 


2473 



713 
8920 
4086 
2428 3999 4459 
1801 

5211 5867 8829 9494 
9996 
4696 8595 
8509 
544 6919 
7843 


5522 

887 

506 1963 3491 7966 
4101 
2066 7873 
2150 7377 

223 
1099 9069 
9266 
9229 9531 
8792 

4341 
6952 
999 
7862 


1162 2895 8167 
2397 
1751 
4298 5366 
2550 5827 6819 

1866 

2484 
1114 3215 3949 
7183 
2861 

6880 
883 2474 





2312 3204 6814 
1859 5933 
2219 4672 
7575 8489 

5200 

927 3674 
3940 
7365 
1050 

408 
1208 7583 


3690 
1475 
4928 




3552 4614 

9042 
7708 

581 
9779 


7839 
8587 
6001 8482 
8627 

8436 
7118 


1874 5817 

6789 
455 
3217 

8643 

5295 

8595 9618 
1363 5909 
4383 
6037 
3557 
212 8732 
6594 8412 
6150 
6179 
5669 
36 1228 6477 
3237 8952 



5128 


618 


9641 
2913 
7926 
4364 6544 
8671 
3532 5963 
7230 
5662 
640 5869 



6583 

2503 

2922 
3081 
4726 
5436 

4921 7499 
4402 





4307 6280 

813 4913 6694 
9385 9747 
2488 6686 
6015 
5373 7772 

2841 5726 7051 7856 8896 

2586 7981 
592 

1114 4821 4914 
7069 9763 

5797 

8572 
932 2358 

836 8157 8850 
9565 
31 7497 8997 
106 177 
2482 

1871 5040 



4531 
7079 





654 4651 6018 7925 8736 
3827 6941 
3669 4559 4576 9744 
582 8015 8808 8810 
4331 9871 
1385 


8818 
2616 
180 1571 8684 
8193 
983 


2402 


1211 6734 7384 
327 6417 9274 
9407 


5336 
6043 
8575 8599 





6532 7253 9476 
8621 

367 2823 
2886 3239 


7906 
2541 
713 
3093 
3945 
136 7415 8598 

931 9143 9970 

5049 7319 

9509 
981 

6633 



9354 

7786 
1987 2057 

8744 
6894 9173 
4391 9526 
8294 
6486 
9693 
9439 

2901 9011 

2633 
6553 6761 9704 

148 3180 5834 8066 8419 


7036 

7180 7857 

6379 8757 
2319 7899 9675 
1681 

2861 
3363 5483 7944 
9680 

4055 

4913 

3839 

2466 9332 
6482 7340 8823 9216 
1081 3683 5699 6334 
4620 
1892 2224 
2507 
1161 7140 

2143 2986 3954 
5332 



855 5680 
2491 

590 8299 
7899 
5005 8959 
3637 
5219 8831 
1962 
6589 
8141 9273 


752 9231 


2212 2711 
8998 

7024 
1768 6832 
644 


456 
8613 


1312 

5723 5929 

4475 

4595 


5071 
1628 

1521 
3106 3390 
7168 
6068 9547 9625 


484 2051 
9623 
3869 
6288 
746 9638 
522 

2131 
748 6867 7310 8735 
8765 
1113 4621 6771 
663 1899 6255 
793 4056 4892 
963 3143 9489 

3904 4581 
6493 
5377 
3614 5517 9761 
492 
2862 9924 
784 2273 3551 5430 

8478 

2897 9124 
8187 
1655 8894 
4048 

9375 
605 5373 
4513 
7212 

6772 


6661 
3897 8023 8425 

3695 


1071 3276 
5927 6586 7915 

5467 

204 1495 3660 4036 5910 

237 

1734 
773 9128 9390 
579 2695 
5816 



9956 

2151 8279 

6777 6800 7950 
1538 

4642 
1130 

2375 
7734 
5996 8197 8845 9106 
4478 8863 
2375 4791 
2681 5914 


3833 6846 7714 


5753 
318 5466 
4641 6504 7437 
2465 8019 
813 


5095 


2096 


1772 8934 
2701 4391 

3924 
9042 

9752 

4437 6168 
5243 
9931 

4834 7384 
9374 
6265 


1363 1417 7939 


8215 
1453 4711 
1500 
3141 4113 6329 

3956 
1766 

7255 
5184 9487 
1900 3072 5329 
2384 2733 4211 9770 
3816 
2137 8329 

3007 
1047 1656 6469 7990 
1888 8397 

7479 
2278 
5030 
4988 

816 4143 


714 3127 

18 
11 1129 5476 

3956 5482 
504 2166 4755 7887 8330 
6373 
2867 

1685 2343 7452 
1466 9664 

8729 
1731 2737 3871 

192 3004 

3398 5515 
1175 9172 9385 
6451 
5117 


2427 
1228 6849 
9289 9935 
8168 
4891 
2347 


7414 8762 8832 
4710 8779 
2301 7321 
4007 
6725 


623 7570 8259 9425 
3027 5339 
477 9889 
8582 

6105 
8803 
8884 
1835 




3590 
4585 
2988 7352 
401 8395 9369 

7814 8526 
4567 


8329 
4133 4755 5456 

1886 2228 3046 

2592 
688 5008 
8773 

5345 7799 
5520 


2669 
5086 5171 6958 
9644 

3626 
1133 1836 
7292 
3226 5613 
1300 7195 8661 
7340 


22 





7666 

8256 
131 
36 
6192 






5358 
7167 
3272 4650 
644 5653 5807 

6500 8405 


7877 
5032 
2613 

9073 9976 

1303 7914 
6581 7835 8797 9804 
1557 2427 4951 7557 


1528 7460 
6319 
2807 
169 9953 
3594 

1047 7319 





9092 
1275 2579 4995 

116 4999 9234 

6999 8513 9703 
308 

4685 9908 
6048 

3382 5664 5757 
574 2136 
3571 
2584 3430 8784 
2504 3193 
6409 
8792 
567 3063 9956 
3524 
7048 

2100 4344 9117 


566 
4710 

7223 
5755 6833 
524 4351 
7790 
1412 

8601 
8895 
81 
3526 9985 

2506 
6427 

3356 9411 
7002 
6936 7832 
938 1256 5270 8246 

6486 
2976 7211 8805 
2375 
2618 
4116 7046 
4388 4909 
2940 5359 5848 
9302 
2827 

8296 9127 

259 

4582 9884 

6625 
4859 
488 
9717 
6517 
2086 3043 3317 8367 


3569 7431 
1976 

4199 6688 
4098 4430 4649 7134 


3035 
1930 5606 6800 
2677 2844 3592 4792 4967 6700 
2858 4125 7257 
8238 
2089 4800 



893 3224 

2750 6422 
6107 


4600 



7522 
1610 
2195 
1164 1888 
2311 

7499 

892 

9424 

7629 
1304 3590 


1903 3626 6190 7919 
2166 2312 
5616 8573 
3645 4103 9630 


2589 
13 
3093 

3172 
3065 5978 
5289 
9710 
3695 
3115 

3341 7390 
4179 8019 

5491 5977 
686 8570 

1611 

9204 




2943 4910 
2209 
1953 


5754 
521 7505 


4067 6023 
972 5099 



7986 
2121 

1966 7679 
8693 
4680 
1372 


1833 

5920 




5643 
4588 8225 

4939 5341 6164 
680 4456 8136 

1309 6648 9145 
5821 9758 
2213 

5819 
7044 

1239 7712 
2800 


893 1917 6793 7220 
2421 


5704 
4499 
3405 7526 8002 8727 


6178 9204 9670 
4132 
4923 

6453 
6046 
1977 4306 
1580 4692 6272 
5873 

6439 
4530 


376 
6346 7776 

9401 




7462 8323 
4465 
4461 
8613 

8486 
8289 

4150 

8096 
2668 2753 3568 9289 
2097 
74 4677 

3820 

1281 


7363 8519 

2155 
8941 
3001 4664 

2818 
3427 
198 
5013 
4298 
2647 
4191 8977 9104 


1743 1927 9680 
9374 
4312 
2696 5052 

134 


2783 9904 

8875 
6598 
7636 

1957 
1670 
9226 
6712 
5651 8295 

9848 

7947 8740 


2156 6152 
2038 
7719 
9376 9642 
91 1391 7541 9830 

8844 


9155 
5112 





1052 

2185 3012 

9066 
990 5104 
4286 5161 

6143 



1483 3896 


5176 
9577 
73 
4236 


6217 
3231 


800 
2729 

9233 
5303 
2211 6085 





2802 
8519 
4104 7457 
4927 6326 6707 

1736 
9604 
670 
1884 
4146 
3068 
1058 
6164 
891 9193 
1412 6905 

5498 

1638 8425 
2457 
5700 9437 

1442 
2224 

9577 
48 1289 7999 8861 




3401 
13 
9638 
1509 
3046 

2186 3362 4011 
13 30 3351 
6275 6981 
3121 

248 
504 9828 
8222 


4836 

4893 6195 

6391 
5473 
965 
2468 
7619 
3265 
1790 6330 
408 769 
6090 9929 

3034 5891 7605 

1544 

8172 
6584 
8749 


5794 

8982 
5147 6822 8560 
4891 6993 
7244 




301 3443 
724 
2744 3935 7764 
9899 
6512 
810 4073 4466 7039 


3001 3126 8244 
6006 
9866 



8096 
2631 
340 
9050 
9793 

6276 

1783 8280 
1378 6003 6886 8315 
6517 


986 
335 
8528 
4350 

976 7040 

8046 
6763 
9414 
528 
7023 

3334 8376 
1536 6813 




7771 

2897 7706 8998 
1700 8438 
815 6100 
6195 
3218 
909 
185 

5569 

893 2166 4170 





5561 8902 
759 
1455 


5959 
2178 5986 8314 
4951 
1100 1543 6566 6844 
5569 
2009 

64 4503 6024 9544 
855 3707 3719 
1584 
968 


3516 5462 6668 
1978 
5297 
3932 
189 4371 5320 6398 7738 

189 



1154 8278 

1614 

9093 
494 5591 
1794 
1464 

913 9875 

1301 
2565 

7384 


2635 

10 1278 


7206 9212 
2857 6548 
418 


5922 9876 
850 4438 5108 5138 7154 9610 9852 
1208 

66 4616 7969 
1374 6728 
6506 
1793 3844 7745 

7680 


3105 3701 

2897 3833 

1 

1084 
3513 
8206 
2142 
8959 
4051 8048 
9093 

2395 

20 3777 5257 8092 

9336 
4474 

6906 8202 

5667 


4357 
9261 
4844 
434 2710 
1014 
4811 
6114 7171 7643 
9597 
4642 5308 
3407 6738 
980 4085 

4422 
2067 
778 2781 8536 


7876 
2507 


2023 3620 

9057 


7369 

209 
5837 
2691 3366 9449 
1135 
7503 
3437 8885 


1025 2040 3548 4950 
525 2355 

4179 6112 


8495 


4267 

4221 5876 

4510 

7101 



9592 

6626 
6593 


9583 
7300 
2666 



410 5252 
2526 

2314 
7163 


3098 6762 6876 
9928 
9076 
654 1443 6958 

7228 



7718 

1010 6272 7446 
1563 
3360 5569 



4687 9888 

4165 

7672 8131 
3067 

2517 

2268 7136 7485 
7157 
7376 

8654 

1574 4708 
2300 



8474 


3404 

223 807 8710 
3621 

8661 9286 


8020 
852 2133 3046 7608 9069 9455 
7066 8959 

7186 

3714 7023 


6940 
1800 
5831 8912 





994 
9471 
1207 7592 

9287 




3665 
0 

3883 
1512 
365 
3081 

4177 

8089 
2933 8871 

4057 4189 
1596 
2593 

5185 6190 
8986 
4730 6936 
4606 
8325 
6120 
4407 
6384 8061 8776 8913 
3527 

5885 
2431 
3874 6452 7537 8992 
4168 
5960 
513 
3242 
6131 
9966 
6177 6437 

3042 7278 


8380 


8723 

3521 
2034 
8222 
6318 
4751 8887 

8948 


5357 




303 
3133 5734 
1197 
4532 
8019 


4944 
753 2135 6437 



444 1640 
8273 
4770 
5266 
3438 7605 
5132 
6664 

4284 
251 
7643 8174 

6769 7650 
3956 4797 7953 

2382 

32 


6517 
5900 6147 
7178 
5853 

3623 9891 

2019 
1184 

7799 


1764 7639 

505 3561 7300 
2801 
2263 


6774 


7580 
2409 
5764 

1803 8290 
4736 9416 
7462 

2472 3740 3757 8263 
7115 
269 1484 1725 


5781 6305 


8556 
3067 5815 

2954 
6415 6722 
950 
5881 6801 



1251 1372 
4694 
6583 
3080 
3674 
7697 
7726 



2976 3775 
6304 

139 5220 
2724 4850 
2020 5951 6112 
6546 8551 
4317 4664 
8104 
6791 
6953 
1144 8059 
9998 
9159 
526 2427 8795 
8216 
573 
9075 


916 
8662 
2834 
8226 

667 
52 2373 2638 4581 
2531 
5713 
2466 6174 
5356 8992 


9563 
9602 9672 
7156 
299 7634 
401 934 


3246 
3290 6094 8538 

3500 
8067 

9649 
3080 6649 9110 
3694 5307 
6486 
1157 
6065 


1735 

605 
7212 9919 



3335 
309 554 9083 

3024 

6709 
6618 
1823 2724 8669 

4122 4271 


1368 3666 
624 1927 4431 5369 

1112 1363 6073 


8670 9124 
393 7276 
4606 5441 8443 
4195 
2925 6257 8196 
286 8497 

7583 8297 

1678 2573 
2204 






218 9327 

5877 
5231 

487 8105 9805 
4279 8511 9530 
9554 
8253 


3309 8825 

4551 8788 
8617 
5651 
3817 
4169 8173 9609 

5025 
2030 3389 
4947 
5404 

385 5403 
1872 7843 

2880 


4932 5482 7464 


291 
1074 3457 7365 7499 
2545 4882 
2007 7373 
4573 


1612 

4561 

6729 


931 5302 9705 
9271 
160 6421 
3884 
7486 

1307 5109 5553 
776 9259 

3854 4255 




7145 
275 

4255 

3351 7736 
7481 
0 7570 
1123 
2683 4082 8652 
557 

1055 
5294 5984 7283 7538 8921 9285 

5917 
9424 
2059 
1913 7667 

9782 
3143 3596 
482 


6808 
9239 
7796 
8075 
2000 
463 

476 1646 


278 2959 8328 
5570 7796 

723 1972 3971 

924 1226 1708 4176 
1481 

9818 
13 3162 5574 
413 
6645 

5873 
4063 8064 
8914 9147 



5371 7652 7727 9050 

3156 5097 5439 

9401 
1494 9479 
7371 

192 5439 

4249 
2507 6268 7605 8729 
5554 

3150 5767 



3532 

7680 
3690 

9717 
4301 

4541 
5671 


351 
2313 3000 
920 5446 7589 

324 4555 
16 3125 6331 
2060 7439 
5990 
7793 9818 
5988 

2088 3700 6600 8481 
3432 8350 
3914 


1220 2386 


645 6429 7809 

7363 9381 

3956 8798 
4086 4870 9735 
6575 
7025 8674 
1362 3834 
1757 

2117 
687 
8988 
3045 
8620 
1990 


8020 8923 



2506 

3542 



7251 
2229 7191 
1903 7563 
9928 
3145 5004 
861 


1410 8136 


2607 
1514 
7475 8540 9197 
3861 7398 
4255 7094 9214 
7186 
5683 


727 1465 1895 
1496 1528 5030 
343 

5376 

3726 

8779 
6635 7132 
5938 
7957 


3034 

957 
3110 
366 

227 248 
603 
3469 
5165 

1325 
8129 
7362 8272 9599 
6112 
626 
8811 
6056 
3544 
9605 
3386 4248 
471 2173 

7119 9960 
7108 
4305 
5681 6714 
3536 


3682 
516 

2271 9045 




508 
2724 
2905 


2410 3652 
7911 
4144 
1978 7039 
3460 
3138 6019 
8826 

4274 



8668 

2953 3092 6834 
861 
7266 
7801 
3568 9333 
5084 
9893 


2318 

4999 
9255 
7163 9857 


453 7805 9116 
8228 


1190 
203 
7626 8886 


1166 4560 

7825 
1499 
5273 
8344 
9322 
1207 9647 
5794 
4933 7339 
2617 
1851 6607 
51 3102 

6903 
4430 

8361 
2661 5944 9449 

3614 
2663 6984 
2611 

1376 1702 
9306 
7844 
6992 
2293 3628 5119 
6273 

2469 6592 9689 
1682 



2599 6363 

4909 
4330 4400 5373 


1077 

369 7442 

9397 
9991 

2077 

113 7466 8876 
695 1733 
4492 6672 7233 


1386 
5410 
63 3611 8255 8956 
2396 
8123 9118 
4861 
3326 6336 
230 1083 
8087 9803 
1941 3340 8695 


2971 7220 
825 


614 1555 2901 8616 

5593 6744 8745 

12 2134 
4663 7154 8736 
2196 

1256 3045 
2048 4622 

2584 3889 8079 
9494 
7317 


3734 
6211 
7069 
5577 7575 
4144 5901 
2602 

749 6023 
3306 4694 

4357 5440 
1893 5308 
7366 

3976 8804 
4685 9493 
2072 8394 


5587 
1658 8127 
6080 
1692 

2540 
260 509 5498 
4385 

4107 
2643 
962 3277 
6220 
5996 


3018 

6542 
4987 
8150 

175 

5476 
8487 
6338 
3106 
6349 


4873 

161 9103 

9173 

633 
8602 

258 1387 9321 
9107 

3244 

4816 

7761 
9752 

2797 
7642 
2572 7872 
6036 

177 
3287 
372 
1787 4061 
577 
8272 

6828 
1053 8646 

2522 
1420 
9087 


9682 
3749 
469 6634 

9365 

4789 5629 
679 4082 
2341 


1557 7295 
2554 2700 4533 8478 

5472 

6081 
2012 8960 

730 

1151 
2171 9709 




2809 
2865 6415 
7767 
3885 
3153 9945 

5602 

3940 
1729 3200 


9699 

6881 7840 
5481 8973 
3428 3721 
608 3035 3126 
1721 
2078 7689 
1279 9781 

4054 5779 9419 


453 3921 
3256 
7845 8353 
5965 
5688 8928 
1966 3069 
5026 7371 
3076 

548 2431 9870 

1677 

9293 
5261 6288 

2570 3281 4149 9338 
6013 

5744 8985 9726 
7238 

2658 5729 
3548 5775 
5183 6603 

4054 9187 
4404 
6826 
2295 2318 4286 
408 8615 
3092 
6007 

532 

6537 
1777 2425 





1556 1945 
145 4893 7843 
4367 

3978 7610 9671 
2182 
361 
982 4866 
8322 


7526 

8091 
2715 
3318 4574 6515 
438 4633 
1907 8341 

2834 

1065 2911 
3967 
3363 5996 
5545 7063 
191 
5585 


1496 1930 
2060 
9846 

9368 

1380 
6852 
3814 3957 8650 
5200 

8298 9828 

666 

1415 4164 4758 
1503 3800 6546 7830 9847 


302 1008 6867 

880 

6685 
5 6141 8166 
3805 
357 

1589 2745 3466 

187 

4920 
6065 
1107 1826 2883 7491 


9948 
1552 

5099 

720 1831 3602 

9770 
1228 2178 

5683 



8396 
6589 

2683 9512 
218 
9406 9702 
3883 
5334 8922 
5200 6895 
2788 
2753 
3501 8688 
6339 

6943 
3502 7712 



6789 8204 


4716 5470 7267 9021 
7640 
8582 
1586 
299 
2979 
2164 
8574 

500 800
0
